external

[38;2;35;7;6m█[38;2;13;36;0m█[38;2;39;31;16m█[38;2;38;18;6m█[38;2;33;18;2m█[38;2;17;9;6m█[38;2;25;23;0m█[38;2;25;43;10m█[38;2;41;45;0m█[38;2;35;37;2m█
[38;2;25;29;12m█[38;2;32;35;10m█[38;2;30;20;14m█[38;2;22;43;8m█[38;2;38;13;2m█[38;2;32;33;12m█[38;2;29;48;2m█[38;2;28;14;10m█[38;2;36;29;0m█[38;2;16;16;0m█
[38;2;9;33;4m█[38;2;9;22;4m█[38;2;23;41;8m█[38;2;36;25;12m█[38;2;25;27;2m█[38;2;23;35;6m█[38;2;39;16;2m█[38;2;29;11;12m█[38;2;36;17;0m█[38;2;47;31;6m█
[38;2;30;33;8m█[38;2;18;37;14m█[38;2;35;35;2m█[38;2;33;22;4m█[38;2;37;40;6m█[38;2;42;28;8m█[38;2;28;33;6m█[38;2;37;21;20m█[38;2;30;43;4m█[38;2;37;31;4m█
[38;2;33;13;10m█[38;2;23;34;14m█[38;2;28;6;4m█[38;2;23;33;20m█[38;2;20;28;8m█[38;2;29;12;14m█[38;2;29;37;16m█[38;2;11;13;0m█[38;2;29;40;12m█[38;2;49;39;14m█
[38;2;35;12;0m█[38;2;18;29;6m█[38;2;21;29;2m█[38;2;23;27;4m█[38;2;39;31;8m█[38;2;21;33;12m█[38;2;17;32;4m█[38;2;23;19;2m█[38;2;14;25;4m█[38;2;31;49;0m█
[38;2;27;22;2m█[38;2;25;27;0m█[38;2;27;45;0m█[38;2;32;45;8m█[38;2;35;28;6m█[38;2;25;33;4m█[38;2;33;27;4m█[38;2;36;28;4m█[38;2;29;21;6m█[38;2;43;41;4m█
[38;2;27;21;12m█[38;2;33;21;6m█[38;2;37;33;12m█[38;2;35;27;4m█[38;2;31;47;2m█[38;2;38;43;12m█[38;2;27;53;4m█[38;2;25;37;2m█[38;2;22;21;2m█[38;2;33;37;2m█
[38;2;42;11;2m█[38;2;33;33;0m█[38;2;39;22;14m█[38;2;25;37;4m█[38;2;43;49;6m█[38;2;21;25;6m█[38;2;27;29;0m█[38;2;29;37;0m█[38;2;8;41;20m█[38;2;21;21;6m█
[38;2;37;25;4m█[38;2;30;31;12m█[38;2;26;47;8m█[38;2;24;19;4m█[38;2;14;37;2m█[38;2;39;17;24m█[38;2;29;41;26m█[38;2;33;26;16m█[38;2;41;15;14m█[38;2;27;22;16m█
[38;2;27;16;2m█[38;2;19;29;8m█[38;2;42;43;18m█[38;2;28;21;10m█[38;2;19;23;18m█[38;2;16;15;0m█[38;2;41;23;14m█[38;2;9;29;2m█[38;2;3;33;0m█[38;2;35;39;4m█
[38;2;41;25;2m█[38;2;22;25;8m█[38;2;23;25;10m█[38;2;18;26;20m█[38;2;21;27;18m█[38;2;24;29;10m█[38;2;23;23;0m█[38;2;33;21;0m█[38;2;42;39;20m█[38;2;19;43;12m█
[38;2;13;33;12m█[38;2;15;28;12m█[38;2;33;27;0m█[38;2;13;10;0m█[38;2;29;5;0m█[38;2;15;29;2m█[38;2;11;23;6m█[38;2;32;33;8m█[38;2;30;21;4m█[38;2;31;37;20m█
[38;2;39;32;0m█[38;2;21;15;12m█[38;2;22;29;2m█[38;2;23;48;0m█[38;2;21;17;24m█[38;2;37;24;8m█[38;2;33;17;10m█[38;2;20;36;12m█[38;2;23;23;4m█[38;2;25;32;2m█
[38;2;29;37;2m█[38;2;34;19;4m█[38;2;32;24;6m█[38;2;29;20;8m█[38;2;28;33;4m█[38;2;29;36;10m█[38;2;37;43;14m█[38;2;23;32;8m█[38;2;29;45;6m█[38;2;37;21;14m█
[m
top_fan

[38;2;35;32;0m█[38;2;13;21;6m█[38;2;8;29;8m█[38;2;33;41;4m█[38;2;29;49;6m█[38;2;37;25;6m█[38;2;31;21;6m█[38;2;25;17;20m█
[m
bottom_fan

[38;2;41;28;6m█[38;2;9;37;10m█[38;2;21;41;12m█[38;2;39;29;2m█[38;2;35;21;6m█[38;2;27;37;2m█[38;2;27;41;0m█[38;2;41;25;10m█
[m
